71
symmetry c1
C        0.759512038     -5.173134533      2.332262908
C       -0.568195782     -5.088534482      1.853798947
C       -1.144389270     -3.780748685      1.620140001
C       -0.371359310     -2.569850390      1.845405869
C        0.976121726     -2.683671619      2.398884336
C        1.527098779     -4.004402303      2.616758331
C       -1.378087619     -6.264601337      1.576040666
C       -2.676254417     -6.155475724      1.101115448
C       -3.281459958     -4.858363952      0.856623996
C       -2.489109041     -3.671166617      1.121095070
C       -3.058740446     -2.374112901      0.902922772
C       -4.397188996     -2.234240735      0.411420736
C       -5.179018382     -3.424333922      0.135229740
C       -4.607001026     -4.706281332      0.371213766
C       -2.228773601     -1.207710460      1.154504766
N       -0.916681129     -1.344261985      1.508412314
C       -4.937869060     -0.925118640      0.168535763
C       -4.147698894      0.248793488      0.464548000
C       -2.811784533      0.118749574      0.998423247
C       -4.717440201      1.555413451      0.218095067
C       -3.952443853      2.739263361      0.499228167
C       -2.644236793      2.621279877      1.068044484
C       -2.076112189      1.320276939      1.373088345
C       -6.053896412      1.679618592     -0.327065854
C       -6.810864328      0.507643420     -0.600724847
C       -6.280768378     -0.788767415     -0.358689801
C       -7.046879308     -1.993686518     -0.624073306
C       -6.521536461     -3.256297189     -0.387363214
C       -4.497425212      4.058548659      0.244074827
C       -5.835484271      4.150507623     -0.307644945
C       -6.579218052      3.010059718     -0.579023583
C       -1.871978552      3.785105945      1.386888765
C       -0.558804526      3.631212239      1.953573702
C       -0.062849475      2.294044150      2.238811307
N       -0.881927094      1.203596936      2.016768458
C       -2.415813661      5.103696657      1.115420498
C       -3.714298218      5.208357785      0.550557171
C        2.877879631     -4.146854404      3.143579693
C        3.659574163     -3.051963971      3.470385161
C        3.138181195     -1.710478810      3.313556240
C        1.786860459     -1.527838341      2.791049426
C        3.868098755     -0.538809485      3.652544517
C        3.302478345      0.755294891      3.486622632
C        1.936604297      0.833112725      2.972973878
N        1.239358460     -0.292010567      2.659473610
C        4.012083571      1.977564251      3.799854911
C        3.411168059      3.206616622      3.590036925
C        2.059437714      3.326452220      3.060824069
C        1.289393742      2.134225541      2.772424371
C        1.519193084      4.625886869      2.819515147
C        0.232343412      4.803509832      2.261898647
C       -0.333567328      6.115683255      1.988132528
C       -1.598919899      6.260177657      1.438752225
H       -3.268358584     -7.055851536      0.898939560
H       -0.933847102     -7.252366143      1.747123143
H        1.208629951     -6.158806973      2.505026240
H        3.269010624     -5.162183287      3.280088851
H        4.675779050     -3.188911484      3.860503777
H       -7.589909008      3.098833110     -0.994690812
H        5.033623184      1.916260702      4.195284280
H        3.956493379      4.130878806      3.815601561
H       -8.063249248     -1.886207571     -1.021015890
H       -7.824905271      0.605765212     -1.007211806
H        2.129088161      5.505506586      3.059390618
H        0.266202399      7.000645382      2.232097673
H       -2.004117027      7.259622382      1.240977977
H       -4.129729417      6.203648183      0.348433615
H       -6.255670941      5.143754650     -0.505345832
H       -7.118863766     -4.151325719     -0.597909455
H       -5.206488818     -5.602161722      0.166279021
H        4.887322679     -0.633640543      4.048810583

